<!-- Generated by pkgdown: do not edit by hand -->
<!DOCTYPE html>
<html lang="en">
  <head>
  <meta charset="utf-8">
<meta http-equiv="X-UA-Compatible" content="IE=edge">
<meta name="viewport" content="width=device-width, initial-scale=1.0">

<title>Compute PAR autocovariance matrix — pcacfMat • pcts</title>


<!-- jquery -->
<script src="https://cdnjs.cloudflare.com/ajax/libs/jquery/3.4.1/jquery.min.js" integrity="sha256-CSXorXvZcTkaix6Yvo6HppcZGetbYMGWSFlBw8HfCJo=" crossorigin="anonymous"></script>
<!-- Bootstrap -->

<link rel="stylesheet" href="https://cdnjs.cloudflare.com/ajax/libs/twitter-bootstrap/3.4.1/css/bootstrap.min.css" integrity="sha256-bZLfwXAP04zRMK2BjiO8iu9pf4FbLqX6zitd+tIvLhE=" crossorigin="anonymous" />

<script src="https://cdnjs.cloudflare.com/ajax/libs/twitter-bootstrap/3.4.1/js/bootstrap.min.js" integrity="sha256-nuL8/2cJ5NDSSwnKD8VqreErSWHtnEP9E7AySL+1ev4=" crossorigin="anonymous"></script>

<!-- bootstrap-toc -->
<link rel="stylesheet" href="../bootstrap-toc.css">
<script src="../bootstrap-toc.js"></script>

<!-- Font Awesome icons -->
<link rel="stylesheet" href="https://cdnjs.cloudflare.com/ajax/libs/font-awesome/5.12.1/css/all.min.css" integrity="sha256-mmgLkCYLUQbXn0B1SRqzHar6dCnv9oZFPEC1g1cwlkk=" crossorigin="anonymous" />
<link rel="stylesheet" href="https://cdnjs.cloudflare.com/ajax/libs/font-awesome/5.12.1/css/v4-shims.min.css" integrity="sha256-wZjR52fzng1pJHwx4aV2AO3yyTOXrcDW7jBpJtTwVxw=" crossorigin="anonymous" />

<!-- clipboard.js -->
<script src="https://cdnjs.cloudflare.com/ajax/libs/clipboard.js/2.0.6/clipboard.min.js" integrity="sha256-inc5kl9MA1hkeYUt+EC3BhlIgyp/2jDIyBLS6k3UxPI=" crossorigin="anonymous"></script>

<!-- headroom.js -->
<script src="https://cdnjs.cloudflare.com/ajax/libs/headroom/0.11.0/headroom.min.js" integrity="sha256-AsUX4SJE1+yuDu5+mAVzJbuYNPHj/WroHuZ8Ir/CkE0=" crossorigin="anonymous"></script>
<script src="https://cdnjs.cloudflare.com/ajax/libs/headroom/0.11.0/jQuery.headroom.min.js" integrity="sha256-ZX/yNShbjqsohH1k95liqY9Gd8uOiE1S4vZc+9KQ1K4=" crossorigin="anonymous"></script>

<!-- pkgdown -->
<link href="../pkgdown.css" rel="stylesheet">
<script src="../pkgdown.js"></script>




<meta property="og:title" content="Compute PAR autocovariance matrix — pcacfMat" />
<meta property="og:description" content="Compute PAR autocovariance matrix" />




<!-- mathjax -->
<script src="https://cdnjs.cloudflare.com/ajax/libs/mathjax/2.7.5/MathJax.js" integrity="sha256-nvJJv9wWKEm88qvoQl9ekL2J+k/RWIsaSScxxlsrv8k=" crossorigin="anonymous"></script>
<script src="https://cdnjs.cloudflare.com/ajax/libs/mathjax/2.7.5/config/TeX-AMS-MML_HTMLorMML.js" integrity="sha256-84DKXVJXs0/F8OTMzX4UR909+jtl4G7SPypPavF+GfA=" crossorigin="anonymous"></script>

<!--[if lt IE 9]>
<script src="https://oss.maxcdn.com/html5shiv/3.7.3/html5shiv.min.js"></script>
<script src="https://oss.maxcdn.com/respond/1.4.2/respond.min.js"></script>
<![endif]-->



  </head>

  <body data-spy="scroll" data-target="#toc">
    <div class="container template-reference-topic">
      <header>
      <div class="navbar navbar-default navbar-fixed-top" role="navigation">
  <div class="container">
    <div class="navbar-header">
      <button type="button" class="navbar-toggle collapsed" data-toggle="collapse" data-target="#navbar" aria-expanded="false">
        <span class="sr-only">Toggle navigation</span>
        <span class="icon-bar"></span>
        <span class="icon-bar"></span>
        <span class="icon-bar"></span>
      </button>
      <span class="navbar-brand">
        <a class="navbar-link" href="../index.html">pcts</a>
        <span class="version label label-default" data-toggle="tooltip" data-placement="bottom" title="Released version">0.15.1</span>
      </span>
    </div>

    <div id="navbar" class="navbar-collapse collapse">
      <ul class="nav navbar-nav">
        <li>
  <a href="../index.html">
    <span class="fas fa fas fa-home fa-lg"></span>
     
  </a>
</li>
<li>
  <a href="../reference/index.html">Reference</a>
</li>
<li class="dropdown">
  <a href="#" class="dropdown-toggle" data-toggle="dropdown" role="button" aria-expanded="false">
    Articles
     
    <span class="caret"></span>
  </a>
  <ul class="dropdown-menu" role="menu">
    <li>
      <a href="../articles/pcts_data.html">Importing and manipulating periodic time series data</a>
    </li>
  </ul>
</li>
<li>
  <a href="../news/index.html">Changelog</a>
</li>
      </ul>
      <ul class="nav navbar-nav navbar-right">
        <li>
  <a href="https://github.com/GeoBosh/pcts/">
    <span class="fab fa fab fa-github fa-lg"></span>
     
  </a>
</li>
      </ul>
      
    </div><!--/.nav-collapse -->
  </div><!--/.container -->
</div><!--/.navbar -->

      

      </header>

<div class="row">
  <div class="col-md-9 contents">
    <div class="page-header">
    <h1>Compute PAR autocovariance matrix</h1>
    
    <div class="hidden name"><code>pcacfMat.Rd</code></div>
    </div>

    <div class="ref-description">
    <p>Compute PAR autocovariance matrix</p>
    </div>

    <pre class="usage"><span class='fu'>pc.acf.parModel</span>(<span class='no'>parmodel</span>, <span class='kw'>maxlag</span> <span class='kw'>=</span> <span class='kw'>NULL</span>)

<span class='fu'>pcacfMat</span>(<span class='no'>parmodel</span>)</pre>

    <h2 class="hasAnchor" id="arguments"><a class="anchor" href="#arguments"></a>Arguments</h2>
    <table class="ref-arguments">
    <colgroup><col class="name" /><col class="desc" /></colgroup>
    <tr>
      <th>parmodel</th>
      <td><p>PAR model, an object of class <code>parModel</code>.</p></td>
    </tr>
    <tr>
      <th>maxlag</th>
      <td><p>maximum lag</p></td>
    </tr>
    </table>

    <h2 class="hasAnchor" id="details"><a class="anchor" href="#details"></a>Details</h2>

    


<p><code>pc.acf.parModel</code> returns the autocovariances of a PAR model in
  season-lag form with maximum lag equal to <code>maxlag</code>. If
  <code>maxlag</code> is larger than the available precomputed
  autocovariances, they missing ones are computed using the Yule-Walker
  relations. Note that <code>pc.acf.parModel</code>
  assumes that there are enough precomputed autocovariances to use the
  Yule-Walker recursions directly.</p>
<p>TODO: <code>pc.acf.parModel</code> is tied to the old classes since it accesses
  their slots. Could be used as a template to streamline the method for
  <code>autocovariances</code> for class <code>"PeriodicAutocovariance"</code>.</p>

<p>The season-lag form can be easily converted to other forms with the
  powerful indexing operator, see  the examples and <code>slMatrix-class</code>.</p>
<p><code>pcacfMat</code> is a convenience function for statistical
  inference. It creates a covariance matrix with dimension chosen
  automatically. This covariance matrix is such that the asymptotic
  covariance matrix of the estimated parameters can be obtained by dividing
  sub-blocks by innovation variances and inverting them.  See,
  eq. (3.3) in the reference.</p>
    <h2 class="hasAnchor" id="value"><a class="anchor" href="#value"></a>Value</h2>

    <p>for <code>pcacfMat</code>, a matrix</p>
<p>for <code>pc.acf.parModel</code>, an <code>slMatrix</code></p>
    <h2 class="hasAnchor" id="references"><a class="anchor" href="#references"></a>References</h2>

    <p><!-- % bibentry: McLeod -->
McLeod A (1994).
``Diagnostic checking of periodic autoregression models with application.''
<em>Journal of time series analysis</em>, <b>15</b>(2), pp. 221-233.
<!-- % end:bibentry:  McLeod --></p>
    <h2 class="hasAnchor" id="see-also"><a class="anchor" href="#see-also"></a>See also</h2>

    <div class='dont-index'><p><!-- %  \code{\link{PeriodicArModel-class}} for PAR models, -->
  <code>slMatrix-class</code></p></div>

    <h2 class="hasAnchor" id="examples"><a class="anchor" href="#examples"></a>Examples</h2>
    <pre class="examples"><div class='input'><span class='no'>x</span> <span class='kw'>&lt;-</span> <span class='fu'><a href='https://rdrr.io/r/stats/arima.sim.html'>arima.sim</a></span>(<span class='fu'><a href='https://rdrr.io/r/base/list.html'>list</a></span>(<span class='kw'>ar</span> <span class='kw'>=</span> <span class='fl'>0.9</span>), <span class='kw'>n</span> <span class='kw'>=</span> <span class='fl'>1000</span>)
<span class='no'>proba1</span> <span class='kw'>&lt;-</span> <span class='fu'><a href='fitPM.html'>fitPM</a></span>(<span class='fu'><a href='https://rdrr.io/r/base/c.html'>c</a></span>(<span class='fl'>3</span>,<span class='fl'>2</span>,<span class='fl'>2</span>,<span class='fl'>2</span>), <span class='no'>x</span>)

<span class='no'>acfb</span> <span class='kw'>&lt;-</span> <span class='fu'>pc.acf.parModel</span>(<span class='no'>proba1</span>, <span class='kw'>maxlag</span> <span class='kw'>=</span> <span class='fl'>8</span>)
<span class='no'>acfb</span>[<span class='fl'>4</span>:(-<span class='fl'>2</span>), <span class='fl'>4</span>:(-<span class='fl'>2</span>), <span class='kw'>type</span> <span class='kw'>=</span> <span class='st'>"tt"</span>]</div><div class='output co'>#&gt;          [,1]     [,2]     [,3]     [,4]     [,5]     [,6]     [,7]
#&gt; [1,] 4.354767 4.076277 3.437176 3.145738 2.762350 2.631064 2.220523
#&gt; [2,] 4.076277 4.690931 3.960936 3.625010 3.183214 3.031926 2.558836
#&gt; [3,] 3.437176 3.960936 4.203584 3.834758 3.367974 3.207862 2.707318
#&gt; [4,] 3.145738 3.625010 3.834758 4.462997 3.874579 3.693773 3.117554
#&gt; [5,] 2.762350 3.183214 3.367974 3.874579 4.354767 4.076277 3.437176
#&gt; [6,] 2.631064 3.031926 3.207862 3.693773 4.076277 4.690931 3.960936
#&gt; [7,] 2.220523 2.558836 2.707318 3.117554 3.437176 3.960936 4.203584</div><div class='input'>
<span class='fu'>pcacfMat</span>(<span class='no'>proba1</span>)</div><div class='output co'>#&gt;          [,1]     [,2]     [,3]     [,4]     [,5]     [,6]     [,7]
#&gt; [1,] 4.354767 4.076277 3.437176 3.145738 2.762350 2.631064 2.220523
#&gt; [2,] 4.076277 4.690931 3.960936 3.625010 3.183214 3.031926 2.558836
#&gt; [3,] 3.437176 3.960936 4.203584 3.834758 3.367974 3.207862 2.707318
#&gt; [4,] 3.145738 3.625010 3.834758 4.462997 3.874579 3.693773 3.117554
#&gt; [5,] 2.762350 3.183214 3.367974 3.874579 4.354767 4.076277 3.437176
#&gt; [6,] 2.631064 3.031926 3.207862 3.693773 4.076277 4.690931 3.960936
#&gt; [7,] 2.220523 2.558836 2.707318 3.117554 3.437176 3.960936 4.203584</div><div class='input'>
</div></pre>
  </div>
  <div class="col-md-3 hidden-xs hidden-sm" id="pkgdown-sidebar">
    <nav id="toc" data-toggle="toc" class="sticky-top">
      <h2 data-toc-skip>Contents</h2>
    </nav>
  </div>
</div>


      <footer>
      <div class="copyright">
  <p>Developed by Georgi N. Boshnakov.</p>
</div>

<div class="pkgdown">
  <p>Site built with <a href="https://pkgdown.r-lib.org/">pkgdown</a> 1.5.1.</p>
</div>

      </footer>
   </div>

  


  </body>
</html>


